639 1354
506 635
158 982
516 328
148 230
694 414
14 1112
444 643
306 557
175 339
262 435
255 941
694 1213
423 852
68 766
392 1008
548 761
175 1436
427 928
2 382
458 328
564 1193
433 1278
164 18
181 256
668 166
668 1491
170 1359
77 898
12 15
100 474
35 1214
250 144
429 1478
144 856
486 1008
255 957
317 102
672 1424
429 576
565 1104
148 1135
379 357
420 89
429 1391
292 352
306 66
431 783
499 1299
382 255
70 260
668 127
588 604
672 220
616 974
546 74
170 766
504 1505
158 1097
588 397
613 33
386 1319
35 857
672 1088
35 1059
101 867
364 248
165 431
680 489
368 431
704 460
616 116
564 833
368 797
486 723
144 876
635 293
375 27
216 13
368 756
306 736
49 402
552 33
165 1356
694 828
306 1128
393 925
