639 1354
596 550
625 189
516 328
539 84
621 70
593 491
509 51
335 6
262 435
255 941
423 852
68 766
141 365
375 530
483 546
652 211
458 328
19 471
586 362
329 115
19 45
607 435
181 256
668 1491
170 1359
100 474
333 1393
429 1478
477 1318
78 918
553 1138
255 957
543 119
672 1424
565 1104
123 229
146 998
292 1197
602 240
306 66
499 1299
668 127
588 604
546 74
671 850
140 354
403 807
170 766
626 319
352 673
158 1097
500 189
35 857
255 378
364 248
464 546
368 431
135 1413
62 380
704 460
616 116
362 461
228 333
368 797
574 189
375 27
368 756
49 402
622 639
19 588
655 1159
395 1162
