231 204
4 966
625 189
213 1246
536 690
516 328
377 1448
621 70
644 634
573 981
444 643
335 6
171 1053
262 435
534 1310
125 1166
423 852
375 530
200 1233
624 1038
610 392
375 393
652 211
458 328
586 362
329 115
19 45
607 435
181 256
668 166
206 942
170 1359
100 474
12 564
399 1136
62 1217
23 517
621 775
543 119
584 469
235 1136
292 352
588 604
546 74
178 12
108 89
403 807
618 52
170 766
352 673
218 37
225 285
500 189
560 805
438 556
35 857
364 248
464 546
34 352
135 1413
67 305
704 460
362 461
228 333
301 1161
659 193
622 639
655 1159
694 828
